10101010001110011110001111001101 11000000010100100101100010000010 00000000000000000101100010000010 00000000000000000100000010000000 10101010001110011111101111001111 00000000000000000000000000000001 00000000000000000000000000000001 10101010001110011011101101001111 10101010001110011110001111001101 10101010001110011110001111001101 10101010001110011110001111001101
11010110111111110101100111111100 00010001001101101000101011001100 11010110111111111110010011001000 00000000000000000000100011001100 11010110111111111101101111111100 00000000000000000000000000000001 00000000000000000000000000000001 11010110111111111101001100110000 11010110111111110101100111111100 11010110111111110101100111111100 11010110111111110101100111111100
11111001000111110110101011111011 00111011100100011011000010000101 11111001001000000001101110000000 00000000000000000010000010000001 11111001000111111111101011111111 00000000000000000000000000000001 00000000000000000000000000000001 11111001000111111101101001111110 11111001000111110110101011111011 11111001000111110110101011111011 11111001000111110110101011111011
00011110010101000100110100110110 11110110100010001101000101111110 00011110010101010001111010110100 00000000000000000100000100110110 00011110010101001101110101111110 00000000000000000000000000000000 00000000000000000000000000000000 00011110010101001001110001001000 00011110010101000100110100110110 00011110010101000100110100110110 00011110010101000100110100110110
10100010000100100111101101100010 10110000101110111100001011100001 10100010000100110011111001000011 00000000000000000100001001100000 10100010000100101111101111100011 00000000000000000000000000000001 00000000000000000000000000000001 10100010000100101011100110000011 10100010000100100111101101100010 10100010000100100111101101100010 10100010000100100111101101100010
11111011011111000011101011100111 00000100100111101111110010010011 11111011011111010011011101111010 00000000000000000011100010000011 11111011011111001111111011110111 00000000000000000000000000000001 00000000000000000000000000000001 11111011011111001100011001110100 11111011011111000011101011100111 11111011011111000011101011100111 11111011011111000011101011100111
11111010000001010100011000110100 01101110100101000111000101101010 11111010000001011011011110011110 00000000000000000100000000100000 11111010000001010111011101111110 00000000000000000000000000000001 00000000000000000000000000000001 11111010000001010011011101011110 11111010000001010100011000110100 11111010000001010100011000110100 11111010000001010100011000110100
11101010100110100111100000011111 10001001111110100000001000111000 11101010100110100111101001010111 00000000000000000000000000011000 11101010100110100111101000111111 00000000000000000000000000000001 00000000000000000000000000000001 11101010100110100111101000100111 11101010100110100111100000011111 11101010100110100111100000011111 11101010100110100111100000011111
01101110001101101110011000111011 10100101010010100010101000100010 01101110001101110001000001011101 00000000000000000010001000100010 01101110001101101110111000111011 00000000000000000000000000000000 00000000000000000000000000000000 01101110001101101100110000011001 01101110001101101110011000111011 01101110001101101110011000111011 01101110001101101110011000111011
11110100000011011111110100000011 00101010001100101100010011101000 11110100000011101100000111101011 00000000000000001100010000000000 11110100000011011111110111101011 00000000000000000000000000000001 00000000000000000000000000000001 11110100000011010011100111101011 11110100000011011111110100000011 11110100000011011111110100000011 11110100000011011111110100000011
11101100010101001111001110111111 11101111101111111011000101001110 11101100010101011010010100001101 00000000000000001011000100001110 11101100010101001111001111111111 00000000000000000000000000000001 00000000000000000000000000000001 11101100010101000100001011110001 11101100010101001111001110111111 11101100010101001111001110111111 11101100010101001111001110111111
11011101001110000110101110111110 00001001011000101011101100000101 11011101001110010010011011000011 00000000000000000010101100000100 11011101001110001111101110111111 00000000000000000000000000000001 00000000000000000000000000000001 11011101001110001101000010111011 11011101001110000110101110111110 11011101001110000110101110111110 11011101001110000110101110111110
10011111101111101101010111010101 11011010100110101100011111100100 10011111101111111001110110111001 00000000000000001100010111000100 10011111101111101101011111110101 00000000000000000000000000000001 00000000000000000000000000000001 10011111101111100001001000110001 10011111101111101101010111010101 10011111101111101101010111010101 10011111101111101101010111010101
01111011011110100101001110011100 00111100110110101000011101001000 01111011011110101101101011100100 00000000000000000000001100001000 01111011011110101101011111011100 00000000000000000000000000000000 00000000000000000000000000000000 01111011011110101101010011010100 01111011011110100101001110011100 01111011011110100101001110011100 01111011011110100101001110011100
01001111010001111011100001011111 11111001100101101011110100010001 01001111010010000111010101110000 00000000000000001011100000010001 01001111010001111011110101011111 00000000000000000000000000000000 00000000000000000000000000000000 01001111010001110000010101001110 01001111010001111011100001011111 01001111010001111011100001011111 01001111010001111011100001011111
11001100010111100111001100101110 00000110111100010101011101110011 11001100010111101100101010100001 00000000000000000101001100100010 11001100010111100111011101111111 00000000000000000000000000000001 00000000000000000000000000000001 11001100010111100010010001011101 11001100010111100111001100101110 11001100010111100111001100101110 11001100010111100111001100101110
11010101100100111000011101011011 10001010011110110101110011100001 11010101100100111110010000111100 00000000000000000000010001000001 11010101100100111101111111111011 00000000000000000000000000000001 00000000000000000000000000000001 11010101100100111101101110111010 11010101100100111000011101011011 11010101100100111000011101011011 11010101100100111000011101011011
01110100101001101101000110001111 01100100110011011010001010111011 01110100101001110111010001001010 00000000000000001000000010001011 01110100101001101111001110111111 00000000000000000000000000000000 00000000000000000000000000000000 01110100101001100111001100110100 01110100101001101101000110001111 01110100101001101101000110001111 01110100101001101101000110001111
01110000000111101010100101101010 00111100110001001000101001000000 01110000000111110011001110101010 00000000000000001000100001000000 01110000000111101010101101101010 00000000000000000000000000000000 00000000000000000000000000000000 01110000000111100010001100101010 01110000000111101010100101101010 01110000000111101010100101101010 01110000000111101010100101101010
00111100101010011010010101101110 00010000110100011011111011001011 00111100101010100110010000111001 00000000000000001010010001001010 00111100101010011011111111101111 00000000000000000000000000000000 00000000000000000000000000000000 00111100101010010001101110100101 00111100101010011010010101101110 00111100101010011010010101101110 00111100101010011010010101101110
11100000001001111101110110110110 10111011101011110010100101011111 11100000001010000000011100010101 00000000000000000000100100010110 11100000001001111111110111111111 00000000000000000000000000000001 00000000000000000000000000000001 11100000001001111111010011101001 11100000001001111101110110110110 11100000001001111101110110110110 11100000001001111101110110110110
00100100111011110000001100100001 00001101000000001110010111101100 00100100111011111110100100001101 00000000000000000000000100100000 00100100111011111110011111101101 00000000000000000000000000000000 00000000000000000000000000000000 00100100111011111110011011001101 00100100111011110000001100100001 00100100111011110000001100100001 00100100111011110000001100100001
00010010100111001111101111010001 11111000000110011010111100100101 00010010100111011010101011110110 00000000000000001010101100000001 00010010100111001111111111110101 00000000000000000000000000000000 00000000000000000000000000000000 00010010100111000101010011110100 00010010100111001111101111010001 00010010100111001111101111010001 00010010100111001111101111010001
11110100001101101101100110000000 00100110010101000011000111010000 11110100001101110000101101010000 00000000000000000001000110000000 11110100001101101111100111010000 00000000000000000000000000000001 00000000000000000000000000000001 11110100001101101110100001010000 11110100001101101101100110000000 11110100001101101101100110000000 11110100001101101101100110000000
01111011000110111001010011000000 01100100000100010100100101101111 01111011000110111101111000101111 00000000000000000000000001000000 01111011000110111101110111101111 00000000000000000000000000000000 00000000000000000000000000000000 01111011000110111101110110101111 01111011000110111001010011000000 01111011000110111001010011000000 01111011000110111001010011000000
11100111101011011110011011010000 10101101000011010101010110010010 11100111101011100011110001100010 00000000000000000100010010010000 11100111101011011111011111010010 00000000000000000000000000000001 00000000000000000000000000000001 11100111101011011011001101000010 11100111101011011110011011010000 11100111101011011110011011010000 11100111101011011110011011010000
01111110110010000101000001000011 10001101011011100001100100000000 01111110110010000110100101000011 00000000000000000001000000000000 01111110110010000101100101000011 00000000000000000000000000000000 00000000000000000000000000000000 01111110110010000100100101000011 01111110110010000101000001000011 01111110110010000101000001000011 01111110110010000101000001000011
00001110101011001100011010101101 01001000001011010010011011011010 00001110101011001110110110000111 00000000000000000000011010001000 00001110101011001110011011111111 00000000000000000000000000000000 00000000000000000000000000000000 00001110101011001110000001110111 00001110101011001100011010101101 00001110101011001100011010101101 00001110101011001100011010101101
00011001101100000110010100001100 01001011000001000100000010001010 00011001101100001010010110010110 00000000000000000100000000001000 00011001101100000110010110001110 00000000000000000000000000000000 00000000000000000000000000000000 00011001101100000010010110000110 00011001101100000110010100001100 00011001101100000110010100001100 00011001101100000110010100001100
01100001110100011000101101001111 01001011011101110010100101111110 01100001110100011011010011001101 00000000000000000000100101001110 01100001110100011010101101111111 00000000000000000000000000000000 00000000000000000000000000000000 01100001110100011010001000110001 01100001110100011000101101001111 01100001110100011000101101001111 01100001110100011000101101001111
00110110101101101010110011101010 00100001100010110010100101100001 00110110101101101101011001001011 00000000000000000010100001100000 00110110101101101010110111101011 00000000000000000000000000000000 00000000000000000000000000000000 00110110101101101000010110001011 00110110101101101010110011101010 00110110101101101010110011101010 00110110101101101010110011101010
01111101111001010110010000000011 01000000110011001110100000001110 01111101111001100100110000010001 00000000000000000110000000000010 01111101111001011110110000001111 00000000000000000000000000000000 00000000000000000000000000000000 01111101111001011000110000001101 01111101111001010110010000000011 01111101111001010110010000000011 01111101111001010110010000000011
01000010100010110001010011010000 01111011011011011011001000000010 01000010100010111100011011010010 00000000000000000001000000000000 01000010100010111011011011010010 00000000000000000000000000000000 00000000000000000000000000000000 01000010100010111010011011010010 01000010100010110001010011010000 01000010100010110001010011010000 01000010100010110001010011010000
00101011011011111001101000101010 00111010010010110011001110001000 00101011011011111100110110110010 00000000000000000001001000001000 00101011011011111011101110101010 00000000000000000000000000000000 00000000000000000000000000000000 00101011011011111010100110100010 00101011011011111001101000101010 00101011011011111001101000101010 00101011011011111001101000101010
10011010010000101100001011101011 00000010011000010000100011011100 10011010010000101100101111000111 00000000000000000000000011001000 10011010010000101100101011111111 00000000000000000000000000000001 00000000000000000000000000000001 10011010010000101100101000110111 10011010010000101100001011101011 10011010010000101100001011101011 10011010010000101100001011101011
00100101100110010101101110001111 00110101011001100011011000111011 00100101100110011001000111001010 00000000000000000001001000001011 00100101100110010111111110111111 00000000000000000000000000000000 00000000000000000000000000000000 00100101100110010110110110110100 00100101100110010101101110001111 00100101100110010101101110001111 00100101100110010101101110001111
00110110011011000011010101000000 11010001010101001100111111111001 00110110011011010000010100111001 00000000000000000000010101000000 00110110011011001111111111111001 00000000000000000000000000000000 00000000000000000000000000000000 00110110011011001111101010111001 00110110011011000011010101000000 00110110011011000011010101000000 00110110011011000011010101000000
01101001101111010100101111110001 11110101001110010100101100101100 01101001101111011001011100011101 00000000000000000100101100100000 01101001101111010100101111111101 00000000000000000000000000000000 00000000000000000000000000000000 01101001101111010000000011011101 01101001101111010100101111110001 01101001101111010100101111110001 01101001101111010100101111110001
11100011100000011001011001100001 01011011001110001011111001100001 11100011100000100101010011000010 00000000000000001001011001100001 11100011100000011011111001100001 00000000000000000000000000000001 00000000000000000000000000000001 11100011100000010010100000000000 11100011100000011001011001100001 11100011100000011001011001100001 11100011100000011001011001100001
00001101000011000001101101011010 11001100000011000000100111000100 00001101000011000010010100011110 00000000000000000000100101000000 00001101000011000001101111011110 00000000000000000000000000000000 00000000000000000000000000000000 00001101000011000001001010011110 00001101000011000001101101011010 00001101000011000001101101011010 00001101000011000001101101011010
10111111011000011111111001111101 11001000111001101001011110100011 10111111011000101001011000100000 00000000000000001001011000100001 10111111011000011111111111111111 00000000000000000000000000000001 00000000000000000000000000000001 10111111011000010110100111011110 10111111011000011111111001111101 10111111011000011111111001111101 10111111011000011111111001111101
11110001000101001011101011101010 00100111101000010111000110001010 11110001000101010010110001110100 00000000000000000011000010001010 11110001000101001111101111101010 00000000000000000000000000000001 00000000000000000000000000000001 11110001000101001100101101100000 11110001000101001011101011101010 11110001000101001011101011101010 11110001000101001011101011101010
01001000010101111111000000000100 10100010001001111110100000001101 01001000010110001101100000010001 00000000000000001110000000000100 01001000010101111111100000001101 00000000000000000000000000000000 00000000000000000000000000000000 01001000010101110001100000001001 01001000010101111111000000000100 01001000010101111111000000000100 01001000010101111111000000000100
00001110101001101110000010100101 10000101111010100101000101001011 00001110101001110011000111110000 00000000000000000100000000000001 00001110101001101111000111101111 00000000000000000000000000000000 00000000000000000000000000000000 00001110101001101011000111101110 00001110101001101110000010100101 00001110101001101110000010100101 00001110101001101110000010100101
00110000010111000110110001010011 10101110110000101010010001001011 00110000010111010001000010011110 00000000000000000010010001000011 00110000010111001110110001011011 00000000000000000000000000000000 00000000000000000000000000000000 00110000010111001100100000011000 00110000010111000110110001010011 00110000010111000110110001010011 00110000010111000110110001010011
10101100111100111011101101100010 01001011100101001110011101011000 10101100111101001010001010111010 00000000000000001010001101000000 10101100111100111111111101111010 00000000000000000000000000000001 00000000000000000000000000000001 10101100111100110101110000111010 10101100111100111011101101100010 10101100111100111011101101100010 10101100111100111011101101100010
10000100000000110010001001001101 10011000100110010000111110111000 10000100000000110011001000000101 00000000000000000000001000001000 10000100000000110010111111111101 00000000000000000000000000000001 00000000000000000000000000000001 10000100000000110010110111110101 10000100000000110010001001001101 10000100000000110010001001001101 10000100000000110010001001001101
10000110100010101001100010011110 11110000000011110101110000011011 10000110100010101111010010111001 00000000000000000001100000011010 10000110100010101101110010011111 00000000000000000000000000000001 00000000000000000000000000000001 10000110100010101100010010000101 10000110100010101001100010011110 10000110100010101001100010011110 10000110100010101001100010011110
11010111000100011101001111110110 10110111100101000100010001110100 11010111000100100001100001101010 00000000000000000100000001110100 11010111000100011101011111110110 00000000000000000000000000000001 00000000000000000000000000000001 11010111000100011001011110000010 11010111000100011101001111110110 11010111000100011101001111110110 11010111000100011101001111110110
00100001101100111011111111000001 11000101101011001110111100011110 00100001101101001010111011011111 00000000000000001010111100000000 00100001101100111111111111011111 00000000000000000000000000000000 00000000000000000000000000000000 00100001101100110101000011011111 00100001101100111011111111000001 00100001101100111011111111000001 00100001101100111011111111000001
10010000100100010110010000011000 11011111001010110011101111000100 10010000100100011001111111011100 00000000000000000010000000000000 10010000100100010111111111011100 00000000000000000000000000000001 00000000000000000000000000000001 10010000100100010101111111011100 10010000100100010110010000011000 10010000100100010110010000011000 10010000100100010110010000011000
11110011111110011011001011001111 11101111101010111111110101000001 11110011111110101011000000010000 00000000000000001011000001000001 11110011111110011111111111001111 00000000000000000000000000000001 00000000000000000000000000000001 11110011111110010100111110001110 11110011111110011011001011001111 11110011111110011011001011001111 11110011111110011011001011001111
00010010100100010001011001000101 00111010111001101101011001011010 00010010100100011110110010011111 00000000000000000001011001000000 00010010100100011101011001011111 00000000000000000000000000000000 00000000000000000000000000000000 00010010100100011100000000011111 00010010100100010001011001000101 00010010100100010001011001000101 00010010100100010001011001000101
00000010011010000011101011000010 00100011001100010000010010000111 00000010011010000011111101001001 00000000000000000000000010000010 00000010011010000011111011000111 00000000000000000000000000000000 00000000000000000000000000000000 00000010011010000011111001000101 00000010011010000011101011000010 00000010011010000011101011000010 00000010011010000011101011000010
10101001100111101110001101000100 11100111101111001110111101100101 10101001100111111101001010101001 00000000000000001110001101000100 10101001100111101110111101100101 00000000000000000000000000000001 00000000000000000000000000000001 10101001100111100000110000100001 10101001100111101110001101000100 10101001100111101110001101000100 10101001100111101110001101000100
10000001011101110010110100000000 10011111010000111111001011000011 10000001011110000001111111000011 00000000000000000010000000000000 10000001011101111111111111000011 00000000000000000000000000000001 00000000000000000000000000000001 10000001011101111101111111000011 10000001011101110010110100000000 10000001011101110010110100000000 10000001011101110010110100000000
10100101010000000110100110001100 01100000111101110110000001110110 10100101010000001100101000000010 00000000000000000110000000000100 10100101010000000110100111111110 00000000000000000000000000000001 00000000000000000000000000000001 10100101010000000000100111111010 10100101010000000110100110001100 10100101010000000110100110001100 10100101010000000110100110001100
00001100001110011110101100000010 11001011111100110010000101001010 00001100001110100000110001001100 00000000000000000010000100000010 00001100001110011110101101001010 00000000000000000000000000000000 00000000000000000000000000000000 00001100001110011100101001001000 00001100001110011110101100000010 00001100001110011110101100000010 00001100001110011110101100000010
00100101000010000111001010111000 00000000111011100110100011010110 00100101000010001101101110001110 00000000000000000110000010010000 00100101000010000111101011111110 00000000000000000000000000000000 00000000000000000000000000000000 00100101000010000001101001101110 00100101000010000111001010111000 00100101000010000111001010111000 00100101000010000111001010111000
00001010010100111100101111000000 00110000010001011110011100110101 00001010010101001011001011110101 00000000000000001100001100000000 00001010010100111110111111110101 00000000000000000000000000000000 00000000000000000000000000000000 00001010010100110010110011110101 00001010010100111100101111000000 00001010010100111100101111000000 00001010010100111100101111000000
10111001001010110100000111100001 00001000100010011111011101010110 10111001001011000011100100110111 00000000000000000100000101000000 10111001001010111111011111110111 00000000000000000000000000000001 00000000000000000000000000000001 10111001001010111011011010110111 10111001001010110100000111100001 10111001001010110100000111100001 10111001001010110100000111100001
11011101101011011110000010011100 00011100111010001110010100101101 11011101101011101100010111001001 00000000000000001110000000001100 11011101101011011110010110111101 00000000000000000000000000000001 00000000000000000000000000000001 11011101101011010000010110110001 11011101101011011110000010011100 11011101101011011110000010011100 11011101101011011110000010011100
00110011010001011000011001000000 01101011111100000010001101101001 00110011010001011010100110101001 00000000000000000000001001000000 00110011010001011010011101101001 00000000000000000000000000000000 00000000000000000000000000000000 00110011010001011010010100101001 00110011010001011000011001000000 00110011010001011000011001000000 00110011010001011000011001000000
10101101100001111101011000010111 11010011100101011101110110010001 10101101100010001011001110101000 00000000000000001101010000010001 10101101100001111101111110010111 00000000000000000000000000000001 00000000000000000000000000000001 10101101100001110000101110000110 10101101100001111101011000010111 10101101100001111101011000010111 10101101100001111101011000010111
01001001001011100001010101011001 01111101110000111101011110010110 01001001001011101110110011101111 00000000000000000001010100010000 01001001001011101101011111011111 00000000000000000000000000000000 00000000000000000000000000000000 01001001001011101100001011001111 01001001001011100001010101011001 01001001001011100001010101011001 01001001001011100001010101011001
10011011001011110000111101101111 01110010010001010010010000111011 10011011001011110011001110101010 00000000000000000000010000101011 10011011001011110010111101111111 00000000000000000000000000000001 00000000000000000000000000000001 10011011001011110010101101010100 10011011001011110000111101101111 10011011001011110000111101101111 10011011001011110000111101101111
11110110001111011001111100001100 11111111011111001110111010000011 11110110001111101000110110001111 00000000000000001000111000000000 11110110001111011111111110001111 00000000000000000000000000000001 00000000000000000000000000000001 11110110001111010111000110001111 11110110001111011001111100001100 11110110001111011001111100001100 11110110001111011001111100001100
10101011111110100001010000111101 01001001011110010010011001111000 10101011111110100011101010110101 00000000000000000000010000111000 10101011111110100011011001111101 00000000000000000000000000000001 00000000000000000000000000000001 10101011111110100011001001000101 10101011111110100001010000111101 10101011111110100001010000111101 10101011111110100001010000111101
00011010011101111101110001011100 11111100111101111111000110100100 00011010011110001100111000000000 00000000000000001101000000000100 00011010011101111111110111111100 00000000000000000000000000000000 00000000000000000000000000000000 00011010011101110010110111111000 00011010011101111101110001011100 00011010011101111101110001011100 00011010011101111101110001011100
10110010110000011000100100010100 00001010001011010000110001111000 10110010110000011001010110001100 00000000000000000000100000010000 10110010110000011000110101111100 00000000000000000000000000000001 00000000000000000000000000000001 10110010110000011000010101101100 10110010110000011000100100010100 10110010110000011000100100010100 10110010110000011000100100010100
11010011110111100000010010101110 11100101111011010001011010100000 11010011110111100001101101001110 00000000000000000000010010100000 11010011110111100001011010101110 00000000000000000000000000000001 00000000000000000000000000000001 11010011110111100001001000001110 11010011110111100000010010101110 11010011110111100000010010101110 11010011110111100000010010101110
11111101011111111011001011110110 00000010000110000100011110101110 11111101011111111111101010100100 00000000000000000000001010100110 11111101011111111111011111111110 00000000000000000000000000000001 00000000000000000000000000000001 11111101011111111111010101011000 11111101011111111011001011110110 11111101011111111011001011110110 11111101011111111011001011110110
00001000110110111000011000100000 10111101001011110111111111001111 00001000110111000000010111101111 00000000000000000000011000000000 00001000110110111111111111101111 00000000000000000000000000000000 00000000000000000000000000000000 00001000110110111111100111101111 00001000110110111000011000100000 00001000110110111000011000100000 00001000110110111000011000100000
01000001110010101010101000100101 01000101000101111011001011001010 01000001110010110101110011101111 00000000000000001010001000000000 01000001110010101011101011101111 00000000000000000000000000000000 00000000000000000000000000000000 01000001110010100001100011101111 01000001110010101010101000100101 01000001110010101010101000100101 01000001110010101010101000100101
01100001100011001110011111101101 00010110100110001101011111000010 01100001100011011011111110101111 00000000000000001100011111000000 01100001100011001111011111101111 00000000000000000000000000000000 00000000000000000000000000000000 01100001100011000011000000101111 01100001100011001110011111101101 01100001100011001110011111101101 01100001100011001110011111101101
11010001101110101101000101000100 11101110000001011010101101111001 11010001101110110111110010111101 00000000000000001000000101000000 11010001101110101111101101111101 00000000000000000000000000000001 00000000000000000000000000000001 11010001101110100111101000111101 11010001101110101101000101000100 11010001101110101101000101000100 11010001101110101101000101000100
01000110001010000101110111000010 01011010100011100001011010010100 01000110001010000111010001010110 00000000000000000001010010000000 01000110001010000101111111010110 00000000000000000000000000000000 00000000000000000000000000000000 01000110001010000100101101010110 01000110001010000101110111000010 01000110001010000101110111000010 01000110001010000101110111000010
10100000000100100011010110000001 00010000000101010010011100000101 10100000000100100101110010000110 00000000000000000010010100000001 10100000000100100011011110000101 00000000000000000000000000000001 00000000000000000000000000000001 10100000000100100001001010000100 10100000000100100011010110000001 10100000000100100011010110000001 10100000000100100011010110000001
10000110111000110111110011000110 01001000001000000101101001111001 10000110111000111101011100111111 00000000000000000101100001000000 10000110111000110111111011111111 00000000000000000000000000000001 00000000000000000000000000000001 10000110111000110010011010111111 10000110111000110111110011000110 10000110111000110111110011000110 10000110111000110111110011000110
00011000101000111110101010110001 11011001010101100000110010100010 00011000101000111111011101010011 00000000000000000000100010100000 00011000101000111110111010110011 00000000000000000000000000000000 00000000000000000000000000000000 00011000101000111110011000010011 00011000101000111110101010110001 00011000101000111110101010110001 00011000101000111110101010110001
01111110101010011011101100011011 00011101010111100101101101100011 01111110101010100001011001111110 00000000000000000001101100000011 01111110101010011111101101111011 00000000000000000000000000000000 00000000000000000000000000000000 01111110101010011110000001111000 01111110101010011011101100011011 01111110101010011011101100011011 01111110101010011011101100011011
00011001010001110001111100001101 01110110111010000001100101100000 00011001010001110011100001101101 00000000000000000001100100000000 00011001010001110001111101101101 00000000000000000000000000000000 00000000000000000000000000000000 00011001010001110000011001101101 00011001010001110001111100001101 00011001010001110001111100001101 00011001010001110001111100001101
01000111001011111010101110100001 01010011100100100100001010110011 01000111001011111110111001010100 00000000000000000000001010100001 01000111001011111110101110110011 00000000000000000000000000000000 00000000000000000000000000000000 01000111001011111110100100010010 01000111001011111010101110100001 01000111001011111010101110100001 01000111001011111010101110100001
11100001001101111110010000111111 11010100010101110000100110101110 11100001001101111110110111101101 00000000000000000000000000101110 11100001001101111110110110111111 00000000000000000000000000000001 00000000000000000000000000000001 11100001001101111110110110010001 11100001001101111110010000111111 11100001001101111110010000111111 11100001001101111110010000111111
00100110111001100100101000100110 11110010001110110000101011010001 00100110111001100101010011110111 00000000000000000000101000000000 00100110111001100100101011110111 00000000000000000000000000000000 00000000000000000000000000000000 00100110111001100100000011110111 00100110111001100100101000100110 00100110111001100100101000100110 00100110111001100100101000100110
00100000000000111110011101000010 11000000111100001000011000101100 00100000000001000110110101101110 00000000000000001000011000000000 00100000000000111110011101101110 00000000000000000000000000000000 00000000000000000000000000000000 00100000000000110110000101101110 00100000000000111110011101000010 00100000000000111110011101000010 00100000000000111110011101000010
10000110011011101100100001100000 10101101000001011011110001111010 10000110011011111000010011011010 00000000000000001000100001100000 10000110011011101111110001111010 00000000000000000000000000000001 00000000000000000000000000000001 10000110011011100111010000011010 10000110011011101100100001100000 10000110011011101100100001100000 10000110011011101100100001100000
10000101000110011001100111110001 00001001000111000000101000111000 10000101000110011010010000101001 00000000000000000000100000110000 10000101000110011001101111111001 00000000000000000000000000000001 00000000000000000000000000000001 10000101000110011001001111001001 10000101000110011001100111110001 10000101000110011001100111110001 10000101000110011001100111110001
10100100100001001001001001011110 11110011000110110110110000001100 10100100100001001111111001101010 00000000000000000000000000001100 10100100100001001111111001011110 00000000000000000000000000000001 00000000000000000000000000000001 10100100100001001111111001010010 10100100100001001001001001011110 10100100100001001001001001011110 10100100100001001001001001011110
11000111101100110011110010101000 10010000001111000011011101010010 11000111101100110111001111111010 00000000000000000011010000000000 11000111101100110011111111111010 00000000000000000000000000000001 00000000000000000000000000000001 11000111101100110000101111111010 11000111101100110011110010101000 11000111101100110011110010101000 11000111101100110011110010101000
10000010000000000111010001100100 01110001110010100000101110010110 10000010000000000111111111111010 00000000000000000000000000000100 10000010000000000111111111110110 00000000000000000000000000000001 00000000000000000000000000000001 10000010000000000111111111110010 10000010000000000111010001100100 10000010000000000111010001100100 10000010000000000111010001100100
11000000111000101110011110100001 11111011100010111111111100110101 11000000111000111110011011010110 00000000000000001110011100100001 11000000111000101111111110110101 00000000000000000000000000000001 00000000000000000000000000000001 11000000111000100001100010010100 11000000111000101110011110100001 11000000111000101110011110100001 11000000111000101110011110100001
00110011011010001111110010000110 11010111000011011100010110000011 00110011011010011100001000001001 00000000000000001100010010000010 00110011011010001111110110000111 00000000000000000000000000000000 00000000000000000000000000000000 00110011011010000011100100000101 00110011011010001111110010000110 00110011011010001111110010000110 00110011011010001111110010000110
00001111001001000110110001111011 10010001100101101000111111000111 00001111001001001111110001000010 00000000000000000000110001000011 00001111001001001110111111111111 00000000000000000000000000000000 00000000000000000000000000000000 00001111001001001110001110111100 00001111001001000110110001111011 00001111001001000110110001111011 00001111001001000110110001111011
01111010111011011011110000111100 00000100000011001010111110000011 01111010111011100110101110111111 00000000000000001010110000000000 01111010111011011011111110111111 00000000000000000000000000000000 00000000000000000000000000000000 01111010111011010001001110111111 01111010111011011011110000111100 01111010111011011011110000111100 01111010111011011011110000111100
10100010111011100111100000000001 11101111111001110000100101111001 10100010111011101000000101111010 00000000000000000000100000000001 10100010111011100111100101111001 00000000000000000000000000000001 00000000000000000000000000000001 10100010111011100111000101111000 10100010111011100111100000000001 10100010111011100111100000000001 10100010111011100111100000000001
00101001100101100101000011000001 00011010010001011000001111011111 00101001100101101101010010100000 00000000000000000000000011000001 00101001100101101101001111011111 00000000000000000000000000000000 00000000000000000000000000000000 00101001100101101101001100011110 00101001100101100101000011000001 00101001100101100101000011000001 00101001100101100101000011000001
10101111110011011001111111001111 01110010001101000010000010101011 10101111110011011100000001111010 00000000000000000000000010001011 10101111110011011011111111101111 00000000000000000000000000000001 00000000000000000000000000000001 10101111110011011011111101100100 10101111110011011001111111001111 10101111110011011001111111001111 10101111110011011001111111001111
11011100110001011011111111111010 10001111111101010100000111010010 11011100110001100000000111001100 00000000000000000000000111010010 11011100110001011111111111111010 00000000000000000000000000000001 00000000000000000000000000000001 11011100110001011111111000101000 11011100110001011011111111111010 11011100110001011011111111111010 11011100110001011011111111111010
01001010001011010000011100110010 11110100010000100001001101101111 01001010001011010001101010100001 00000000000000000000001100100010 01001010001011010001011101111111 00000000000000000000000000000000 00000000000000000000000000000000 01001010001011010001010001011101 01001010001011010000011100110010 01001010001011010000011100110010 01001010001011010000011100110010
01001000101111111110101010101001 01110000000111101100010001011100 01001000110000001010111100000101 00000000000000001100000000001000 01001000101111111110111011111101 00000000000000000000000000000000 00000000000000000000000000000000 01001000101111110010111011110101 01001000101111111110101010101001 01001000101111111110101010101001 01001000101111111110101010101001
11001111111110100011010111011111 00001111011010101111000010001001 11001111111110110010011001101000 00000000000000000011000010001001 11001111111110101111010111011111 00000000000000000000000000000001 00000000000000000000000000000001 11001111111110101100010101010110 11001111111110100011010111011111 11001111111110100011010111011111 11001111111110100011010111011111
01100001110010110110001001011010 11111101001010110010000111101111 01100001110010111000010001001001 00000000000000000010000001001010 01100001110010110110001111111111 00000000000000000000000000000000 00000000000000000000000000000000 01100001110010110100001110110101 01100001110010110110001001011010 01100001110010110110001001011010 01100001110010110110001001011010
00000000111001000110101101111111 00111110010011111000100111110111 00000000111001001111010101110110 00000000000000000000100101110111 00000000111001001110101111111111 00000000000000000000000000000000 00000000000000000000000000000000 00000000111001001110001010001000 00000000111001000110101101111111 00000000111001000110101101111111 00000000111001000110101101111111
01001010000010010110011011010110 10100011110101101110010010101000 01001010000010100100101101111110 00000000000000000110010010000000 01001010000010011110011011111110 00000000000000000000000000000000 00000000000000000000000000000000 01001010000010011000001001111110 01001010000010010110011011010110 01001010000010010110011011010110 01001010000010010110011011010110
00000001011011011101111000010010 10101000110011110000010011000011 00000001011011011110001011010101 00000000000000000000010000000010 00000001011011011101111011010011 00000000000000000000000000000000 00000000000000000000000000000000 00000001011011011101101011010001 00000001011011011101111000010010 00000001011011011101111000010010 00000001011011011101111000010010
01010011111010110001010001100011 01011010010010101111011001001111 01010011111011000000101010110010 00000000000000000001010001000011 01010011111010111111011001101111 00000000000000000000000000000000 00000000000000000000000000000000 01010011111010111110001000101100 01010011111010110001010001100011 01010011111010110001010001100011 01010011111010110001010001100011
00000001111110001010010010100001 00010001000100101011111100100010 00000001111110010110001111000011 00000000000000001010010000100000 00000001111110001011111110100011 00000000000000000000000000000000 00000000000000000000000000000000 00000001111110000001101110000011 00000001111110001010010010100001 00000001111110001010010010100001 00000001111110001010010010100001
11110100100110100010101101101010 11000010101111010000111001000000 11110100100110100011100110101010 00000000000000000000101001000000 11110100100110100010111101101010 00000000000000000000000000000001 00000000000000000000000000000001 11110100100110100010010100101010 11110100100110100010101101101010 11110100100110100010101101101010 11110100100110100010101101101010
10011100000010000101100110000000 11100001010001001111110001001100 10011100000010010101010111001100 00000000000000000101100000000000 10011100000010001111110111001100 00000000000000000000000000000001 00000000000000000000000000000001 10011100000010001010010111001100 10011100000010000101100110000000 10011100000010000101100110000000 10011100000010000101100110000000
10101110111001001100100010010110 10101010011001101101111111010110 10101110111001011010100001101100 00000000000000001100100010010110 10101110111001001101111111010110 00000000000000000000000000000001 00000000000000000000000000000001 10101110111001000001011101000000 10101110111001001100100010010110 10101110111001001100100010010110 10101110111001001100100010010110
11000101001100100100110001111110 00011010001100100001001111110011 11000101001100100110000001110001 00000000000000000000000001110010 11000101001100100101111111111111 00000000000000000000000000000001 00000000000000000000000000000001 11000101001100100101111110001101 11000101001100100100110001111110 11000101001100100100110001111110 11000101001100100100110001111110
11010111100010110001010010100111 01011110000111010001011110001100 11010111100010110010110000110011 00000000000000000001010010000100 11010111100010110001011110101111 00000000000000000000000000000001 00000000000000000000000000000001 11010111100010110000001100101011 11010111100010110001010010100111 11010111100010110001010010100111 11010111100010110001010010100111
10100011111101001001000000101100 00011100001100000010100000100000 10100011111101001011100001001100 00000000000000000000000000100000 10100011111101001011100000101100 00000000000000000000000000000001 00000000000000000000000000000001 10100011111101001011100000001100 10100011111101001001000000101100 10100011111101001001000000101100 10100011111101001001000000101100
11000011111001001011100100100100 11111011111001000011000110111010 11000011111001001110101011011110 00000000000000000011000100100000 11000011111001001011100110111110 00000000000000000000000000000001 00000000000000000000000000000001 11000011111001001000100010011110 11000011111001001011100100100100 11000011111001001011100100100100 11000011111001001011100100100100
00101101010011100101010101000001 10001111010110000011010111011001 00101101010011101000101100011010 00000000000000000001010101000001 00101101010011100111010111011001 00000000000000000000000000000000 00000000000000000000000000000000 00101101010011100110000010011000 00101101010011100101010101000001 00101101010011100101010101000001 00101101010011100101010101000001
00001100010011100111110111001110 00111010010001000110100001000000 00001100010011101110011000001110 00000000000000000110100001000000 00001100010011100111110111001110 00000000000000000000000000000000 00000000000000000000000000000000 00001100010011100001010110001110 00001100010011100111110111001110 00001100010011100111110111001110 00001100010011100111110111001110
01100011001000001100111100000000 10110111110101110100000110100100 01100011001000010001000010100100 00000000000000000100000100000000 01100011001000001100111110100100 00000000000000000000000000000000 00000000000000000000000000000000 01100011001000001000111010100100 01100011001000001100111100000000 01100011001000001100111100000000 01100011001000001100111100000000
01000000101000001001110100000100 00000010010010100000100111011000 01000000101000001010011011011100 00000000000000000000100100000000 01000000101000001001110111011100 00000000000000000000000000000000 00000000000000000000000000000000 01000000101000001001010011011100 01000000101000001001110100000100 01000000101000001001110100000100 01000000101000001001110100000100
11101011001100001110110100000000 10000000111110010110100010011010 11101011001100010101010110011010 00000000000000000110100000000000 11101011001100001110110110011010 00000000000000000000000000000001 00000000000000000000000000000001 11101011001100001000010110011010 11101011001100001110110100000000 11101011001100001110110100000000 11101011001100001110110100000000
00100011011011001000010111000000 11000000001001000011110101100000 00100011011011001100001100100000 00000000000000000000010101000000 00100011011011001011110111100000 00000000000000000000000000000000 00000000000000000000000000000000 00100011011011001011100010100000 00100011011011001000010111000000 00100011011011001000010111000000 00100011011011001000010111000000
01011010010010011011110111110010 10011011010111000011110000010011 01011010010010011111101000000101 00000000000000000011110000010010 01011010010010011011110111110011 00000000000000000000000000000000 00000000000000000000000000000000 01011010010010011000000111100001 01011010010010011011110111110010 01011010010010011011110111110010 01011010010010011011110111110010
01101010110110000110010101011110 10100110000001000011001001111110 01101010110110001001011111011100 00000000000000000010000001011110 01101010110110000111011101111110 00000000000000000000000000000000 00000000000000000000000000000000 01101010110110000101011100100000 01101010110110000110010101011110 01101010110110000110010101011110 01101010110110000110010101011110
01011101000000110100001001011110 10101010000010011010110000101010 01011101000000111110111010001000 00000000000000000000000000001010 01011101000000111110111001111110 00000000000000000000000000000000 00000000000000000000000000000000 01011101000000111110111001110100 01011101000000110100001001011110 01011101000000110100001001011110 01011101000000110100001001011110
01011100011010101101101100111011 11001101100010101000101010110000 01011100011010110110010111101011 00000000000000001000101000110000 01011100011010101101101110111011 00000000000000000000000000000000 00000000000000000000000000000000 01011100011010100101000110001011 01011100011010101101101100111011 01011100011010101101101100111011 01011100011010101101101100111011
00001111101010111010010100000000 11111001101110100110011111110000 00001111101011000000110011110000 00000000000000000010010100000000 00001111101010111110011111110000 00000000000000000000000000000000 00000000000000000000000000000000 00001111101010111100001011110000 00001111101010111010010100000000 00001111101010111010010100000000 00001111101010111010010100000000
01010001010010000110001001000001 01100110010001101110000010111100 01010001010010010100001011111101 00000000000000000110000000000000 01010001010010001110001011111101 00000000000000000000000000000000 00000000000000000000000000000000 01010001010010001000001011111101 01010001010010000110001001000001 01010001010010000110001001000001 01010001010010000110001001000001
00011000111101100001010010100000 00111010011010101111000001101001 00011000111101110000010100001001 00000000000000000001000000100000 00011000111101101111010011101001 00000000000000000000000000000000 00000000000000000000000000000000 00011000111101101110010011001001 00011000111101100001010010100000 00011000111101100001010010100000 00011000111101100001010010100000
11001000111001011000001010000001 10101100001000111010011111000100 11001000111001100010101001000101 00000000000000001000001010000000 11001000111001011010011111000101 00000000000000000000000000000001 00000000000000000000000000000001 11001000111001010010010101000101 11001000111001011000001010000001 11001000111001011000001010000001 11001000111001011000001010000001
01100110101100001111010001111110 01101110111111111001011000101101 01100110101100011000101010101011 00000000000000001001010000101100 01100110101100001111011001111111 00000000000000000000000000000000 00000000000000000000000000000000 01100110101100000110001001010011 01100110101100001111010001111110 01100110101100001111010001111110 01100110101100001111010001111110
01011110111011000100011110000011 10011101111010100101111101100110 01011110111011001010011011101001 00000000000000000100011100000010 01011110111011000101111111100111 00000000000000000000000000000000 00000000000000000000000000000000 01011110111011000001100011100101 01011110111011000100011110000011 01011110111011000100011110000011 01011110111011000100011110000011
00011111101101111111001100100010 11011010111100100111110100001010 00011111101110000111000000101100 00000000000000000111000100000010 00011111101101111111111100101010 00000000000000000000000000000000 00000000000000000000000000000000 00011111101101111000111000101000 00011111101101111111001100100010 00011111101101111111001100100010 00011111101101111111001100100010
10110001011111110010110011010111 00011110011001100110100001110111 10110001011111111001010101001110 00000000000000000010100001010111 10110001011111110110110011110111 00000000000000000000000000000001 00000000000000000000000000000001 10110001011111110100010010100000 10110001011111110010110011010111 10110001011111110010110011010111 10110001011111110010110011010111
11010100011100001110011110100010 01110101111000010000111100000010 11010100011100001111011010100100 00000000000000000000011100000010 11010100011100001110111110100010 00000000000000000000000000000001 00000000000000000000000000000001 11010100011100001110100010100000 11010100011100001110011110100010 11010100011100001110011110100010 11010100011100001110011110100010
11100100100111101110101101100001 10010110010010001100100111111111 11100100100111111011010101100000 00000000000000001100100101100001 11100100100111101110101111111111 00000000000000000000000000000001 00000000000000000000000000000001 11100100100111100010001010011110 11100100100111101110101101100001 11100100100111101110101101100001 11100100100111101110101101100001
11000101110010111011111101101111 01101001111011111100110011001001 11000101110011001000110000111000 00000000000000001000110001001001 11000101110010111111111111101111 00000000000000000000000000000001 00000000000000000000000000000001 11000101110010110111001110100110 11000101110010111011111101101111 11000101110010111011111101101111 11000101110010111011111101101111
11100001010011101011010000000010 01011011010110100111011010100101 11100001010011110010101010100111 00000000000000000011010000000000 11100001010011101111011010100111 00000000000000000000000000000001 00000000000000000000000000000001 11100001010011101100001010100111 11100001010011101011010000000010 11100001010011101011010000000010 11100001010011101011010000000010
01000100010010101101100111100000 10011010111011000100100000011101 01000100010010110010000111111101 00000000000000000100100000000000 01000100010010101101100111111101 00000000000000000000000000000000 00000000000000000000000000000000 01000100010010101001000111111101 01000100010010101101100111100000 01000100010010101101100111100000 01000100010010101101100111100000
00101110100010100010111010000011 11111100101010010111100001101001 00101110100010101010011011101100 00000000000000000010100000000001 00101110100010100111111011101011 00000000000000000000000000000000 00000000000000000000000000000000 00101110100010100101011011101010 00101110100010100010111010000011 00101110100010100010111010000011 00101110100010100010111010000011
11101011101000010011110100111111 01100011110111101011011111111100 11101011101000011111010100111011 00000000000000000011010100111100 11101011101000011011111111111111 00000000000000000000000000000001 00000000000000000000000000000001 11101011101000011000101011000011 11101011101000010011110100111111 11101011101000010011110100111111 11101011101000010011110100111111
10010101001010100110100000001011 11010000000111100010001011100000 10010101001010101000101011101011 00000000000000000010000000000000 10010101001010100110101011101011 00000000000000000000000000000001 00000000000000000000000000000001 10010101001010100100101011101011 10010101001010100110100000001011 10010101001010100110100000001011 10010101001010100110100000001011
01001100011101011111101101010010 00001110101100110100111100111011 01001100011101100100101010001101 00000000000000000100101100010010 01001100011101011111111101111011 00000000000000000000000000000000 00000000000000000000000000000000 01001100011101011011010001101001 01001100011101011111101101010010 01001100011101011111101101010010 01001100011101011111101101010010
00100100000010010011001011000001 11001100110100110000011110100111 00100100000010010011101001101000 00000000000000000000001010000001 00100100000010010011011111100111 00000000000000000000000000000000 00000000000000000000000000000000 00100100000010010011010101100110 00100100000010010011001011000001 00100100000010010011001011000001 00100100000010010011001011000001
10001010100000111110000110000011 11000111000001001100000110001110 10001010100001001010001100010001 00000000000000001100000110000010 10001010100000111110000110001111 00000000000000000000000000000001 00000000000000000000000000000001 10001010100000110010000000001101 10001010100000111110000110000011 10001010100000111110000110000011 10001010100000111110000110000011
11001001000001111001011110001001 00011000000101111110110111101111 11001001000010001000010101111000 00000000000000001000010110001001 11001001000001111111111111101111 00000000000000000000000000000001 00000000000000000000000000000001 11001001000001110111101001100110 11001001000001111001011110001001 11001001000001111001011110001001 11001001000001111001011110001001
01111101101000111101111101100000 11011001110010010001010000111100 01111101101000111111001110011100 00000000000000000001010000100000 01111101101000111101111101111100 00000000000000000000000000000000 00000000000000000000000000000000 01111101101000111100101101011100 01111101101000111101111101100000 01111101101000111101111101100000 01111101101000111101111101100000
01111101000110010010101101100001 11010101111000000100111101101001 01111101000110010111101011001010 00000000000000000000101101100001 01111101000110010110111101101001 00000000000000000000000000000000 00000000000000000000000000000000 01111101000110010110010000001000 01111101000110010010101101100001 01111101000110010010101101100001 01111101000110010010101101100001
01011101111000111100100001111101 11111010111111110101011111010111 01011101111001000010000001010100 00000000000000000100000001010101 01011101111000111101111111111111 00000000000000000000000000000000 00000000000000000000000000000000 01011101111000111001111110101010 01011101111000111100100001111101 01011101111000111100100001111101 01011101111000111100100001111101
10111110011110100010001001000111 00101111011101001110110110011000 10111110011110110000111111011111 00000000000000000010000000000000 10111110011110101110111111011111 00000000000000000000000000000001 00000000000000000000000000000001 10111110011110101100111111011111 10111110011110100010001001000111 10111110011110100010001001000111 10111110011110100010001001000111
01000000011110000100010000111111 00000111001000111110011110100101 01000000011110010010101111100100 00000000000000000100010000100101 01000000011110001110011110111111 00000000000000000000000000000000 00000000000000000000000000000000 01000000011110001010001110011010 01000000011110000100010000111111 01000000011110000100010000111111 01000000011110000100010000111111
11011101100001100100111010110011 10001111101100010111101101001111 11011101100001101100101000000010 00000000000000000100101000000011 11011101100001100111111111111111 00000000000000000000000000000001 00000000000000000000000000000001 11011101100001100011010111111100 11011101100001100100111010110011 11011101100001100100111010110011 11011101100001100100111010110011
00110000110011100011101110000010 00111101011111100010111010010101 00110000110011100110101000010111 00000000000000000010101010000000 00110000110011100011111110010111 00000000000000000000000000000000 00000000000000000000000000000000 00110000110011100001010100010111 00110000110011100011101110000010 00110000110011100011101110000010 00110000110011100011101110000010
11000011011000111111100100000000 11001110100111110111001111001111 11000011011001000110110011001111 00000000000000000111000100000000 11000011011000111111101111001111 00000000000000000000000000000001 00000000000000000000000000000001 11000011011000111000101011001111 11000011011000111111100100000000 11000011011000111111100100000000 11000011011000111111100100000000
11011000001100110100010110111011 00001100000001000110111001111100 11011000001100111011010000110111 00000000000000000100010000111000 11011000001100110110111111111111 00000000000000000000000000000001 00000000000000000000000000000001 11011000001100110010101111000111 11011000001100110100010110111011 11011000001100110100010110111011 11011000001100110100010110111011
01101010001010011101101111001000 00111010101100011101101011100111 01101010001010101011011010101111 00000000000000001101101011000000 01101010001010011101101111101111 00000000000000000000000000000000 00000000000000000000000000000000 01101010001010010000000100101111 01101010001010011101101111001000 01101010001010011101101111001000 01101010001010011101101111001000
01100001011110100100110001111100 10000001100001000100110011000010 01100001011110101001100100111110 00000000000000000100110001000000 01100001011110100100110011111110 00000000000000000000000000000000 00000000000000000000000000000000 01100001011110100000000010111110 01100001011110100100110001111100 01100001011110100100110001111100 01100001011110100100110001111100
11001101011101000011111000000110 01100110001001110100000100010010 11001101011101000111111100011000 00000000000000000000000000000010 11001101011101000111111100010110 00000000000000000000000000000001 00000000000000000000000000000001 11001101011101000111111100010100 11001101011101000011111000000110 11001101011101000011111000000110 11001101011101000011111000000110
10111111111011110100001111010100 00101010111110111100110111010101 10111111111100000001000110101001 00000000000000000100000111010100 10111111111011111100111111010101 00000000000000000000000000000001 00000000000000000000000000000001 10111111111011111000111000000001 10111111111011110100001111010100 10111111111011110100001111010100 10111111111011110100001111010100
10101010011000111011110011110111 00101111011011101001111010101000 10101010011001000101101110011111 00000000000000001001110010100000 10101010011000111011111011111111 00000000000000000000000000000001 00000000000000000000000000000001 10101010011000110010001001011111 10101010011000111011110011110111 10101010011000111011110011110111 10101010011000111011110011110111
00010001110011001010100110100010 00101110111010011000111111010000 00010001110011010011100101110010 00000000000000001000100110000000 00010001110011001010111111110010 00000000000000000000000000000000 00000000000000000000000000000000 00010001110011000010011001110010 00010001110011001010100110100010 00010001110011001010100110100010 00010001110011001010100110100010
10010001111001110010010010111001 01001000011101010011000101001001 10010001111001110101011000000010 00000000000000000010000000001001 10010001111001110011010111111001 00000000000000000000000000000001 00000000000000000000000000000001 10010001111001110001010111110000 10010001111001110010010010111001 10010001111001110010010010111001 10010001111001110010010010111001
11111010101110111110000101111111 11101111111101101011001001100001 11111010101111001001001111100000 00000000000000001010000001100001 11111010101110111111001101111111 00000000000000000000000000000001 00000000000000000000000000000001 11111010101110110101001100011110 11111010101110111110000101111111 11111010101110111110000101111111 11111010101110111110000101111111
10010011100100001110110111100100 10110010011011011110001000011001 10010011100100011100111111111101 00000000000000001110000000000000 10010011100100001110111111111101 00000000000000000000000000000001 00000000000000000000000000000001 10010011100100000000111111111101 10010011100100001110110111100100 10010011100100001110110111100100 10010011100100001110110111100100
00000110001101000100011111000000 10011111111001001010001100110111 00000110001101001110101011110111 00000000000000000000001100000000 00000110001101001110011111110111 00000000000000000000000000000000 00000000000000000000000000000000 00000110001101001110010011110111 00000110001101000100011111000000 00000110001101000100011111000000 00000110001101000100011111000000
00001010100000111011100000000110 11100001010110001011011000001110 00001010100001000110111000010100 00000000000000001011000000000110 00001010100000111011111000001110 00000000000000000000000000000000 00000000000000000000000000000000 00001010100000110000111000001000 00001010100000111011100000000110 00001010100000111011100000000110 00001010100000111011100000000110
01011111010111001001101111111100 11011111100000100111111110111101 01011111010111010001101110111001 00000000000000000001101110111100 01011111010111001111111111111101 00000000000000000000000000000000 00000000000000000000000000000000 01011111010111001110010001000001 01011111010111001001101111111100 01011111010111001001101111111100 01011111010111001001101111111100
